hex
3f7fffff
eb000000
0
8000
0
10000
0
18000
ba03126e
92d80000
0
0
3f800000
d80000
0
0
0
0
0
0
0
0
b851b716
42000000
3f7ffffd
46008000
0
10000
338637bc
60d80000
3f7fffff
ca000000
3a03126d
e9008000
ba03126e
57d80000
0
0
0
0
0
0
0
0
b851b716
42000000
3f7ffffd
46008000
3851b716
42b88000
338637bc
60d80000
3f800000
0
3a83126e
98008000
ba83126e
98d80000
0
0
0
0
0
0
0
0
b851b716
42000000
3f7ffffd
46008000
3851b716
42b88000
338637bc
60d80000
3f800000
0
3a83126e
98008000
ba83126e
98d80000
0
0
0
0
0
0
0
0
0
0
0
0
0
0
0
0
0
0
0
0
0
0
0
0
0
0
0
0
0
0
0
0
0
0
0
0
0
0
