hex
0
0
0
8000
0
10000
0
18000
3f800000
d80000
3f800000
d80000
3f800000
d80000
bf800000
d80000
0
0
0
0
0
0
0
0
0
0
0
8000
0
10000
3f800000
d80000
3f800000
d88000
3f800000
d80000
0
0
0
0
0
0
0
0
0
0
0
0
0
0
0
8000
3f800000
d80000
bf800000
d80000
3f800000
d80000
3f800000
d88000
0
0
0
0
0
0
0
0
0
0
0
0
0
0
0
8000
0
10000
3f800000
d80000
3f800000
d88000
3f800000
d80000
0
0
0
0
0
0
0
0
0
0
0
0
0
0
0
0
0
0
0
0
0
0
0
0
0
0
0
0
0
0
0
0
0
0
0
0
0
0
0
0
0
0
