hex
3f800000
d80000
3f800000
d88000
3f800000
d80000
3f800000
b98000
0
0
0
0
0
0
0
0
0
0
0
0
0
0
0
0
bc449ba5
e3d80000
3f800000
b98000
bc449ba5
e3d80000
0
0
0
0
0
0
0
0
0
0
0
0
0
0
0
0
0
0
3f800000
d80000
3f800000
b98000
0
0
0
0
0
0
0
0
0
0
0
0
0
0
0
0
0
0
0
0
bc449ba5
e3d80000
3f800000
b98000
bc449ba5
e3d80000
0
0
0
0
0
0
0
0
0
0
0
0
0
0
0
0
0
0
0
0
0
0
0
0
0
0
0
0
0
0
0
0
0
0
0
0
0
0
0
0
0
0
0
0
0
0
0
0
