hex
0
0
0
8000
0
10000
0
18000
0
20000
0
28000
0
30000
ca189680
d80000
bf000000
e00000
ca19cf00
2d80000
3f000000
e00000
0
0
0
0
0
8000
0
10000
0
18000
0
20000
0
28000
3f800000
d80000
0
0
bf800000
d80000
0
0
0
0
0
0
0
0
0
8000
0
10000
0
18000
0
20000
bc449ba5
e3d80000
3f800000
e00000
bc449ba5
e3d80000
3f800000
e00000
0
0
0
0
0
0
0
0
0
8000
0
10000
0
18000
0
20000
0
28000
3f800000
d80000
42c80000
e00000
bf800000
d80000
0
0
0
0
0
0
0
0
0
0
0
0
0
0
0
0
0
0
0
0
0
0
0
0
0
0
0
0
0
0
0
0
0
0
0
0
