hex
0
0
0
8000
0
10000
0
18000
0
20000
0
28000
0
30000
0
38000
bc449ba5
e3d80000
3f800000
e00000
4a189680
d80000
bf000000
e00000
0
0
0
8000
0
10000
0
18000
0
20000
0
28000
0
30000
0
38000
0
40000
0
48000
0
0
bf800000
e00000
0
0
0
8000
0
10000
0
18000
0
20000
0
28000
0
30000
3f800000
d80000
0
0
bf800000
e00000
0
0
3f800000
d80000
0
0
0
8000
0
10000
0
18000
0
20000
0
28000
0
30000
0
38000
0
40000
42c80000
e00000
0
0
0
0
0
0
0
0
0
0
0
0
0
0
0
0
0
0
0
0
0
0
0
0
0
0
0
0
0
0
0
0
0
0
